0 60
1 46
2 31
3 42
4 43
5 49
6 73
7 44
8 58
9 30
10 47
11 32
12 22
13 44
14 41
15 41
16 50
17 23
18 43
19 57
20 48
21 33
22 43
23 44
24 24
25 63
26 34
27 34
28 55
29 39
30 48
31 37
32 55
33 61
34 41
35 60
36 27
37 29
38 34
39 51
40 39
41 60
42 27
43 54
44 29
45 40
46 38
47 48
48 43
49 50
50 42
51 27
52 25
53 39
54 27
55 29
56 46
57 64
58 35
59 45
60 28
61 34
62 34
63 47
64 53
65 28
66 31
67 49
68 59
69 31
70 41
71 42
72 23
73 55
74 36
75 20
76 36
77 37
78 52
79 42
80 45
81 31
82 34
83 42
84 75
85 39
86 35
87 43
88 52
89 46
90 42
91 54
92 61
93 48
94 55
95 35
96 60
97 40
98 47
99 60
100 37
101 35
102 65
103 51
104 53
105 60
106 66
107 105
108 121
109 34
110 42
111 81
112 60
113 61
114 57
115 65
116 65
117 32
118 54
119 49
120 55
121 58
122 69
123 57
124 50
125 3
126 63
127 53
128 64
129 67
130 64
131 68
132 95
133 51
134 75
135 66
136 56
137 60
138 59
139 68
140 94
141 64
142 71
143 58
144 67
145 54
146 61
147 87
148 1
149 80
150 96
151 65
152 71
153 65
154 82
155 55
156 50
157 80
158 62
159 85
160 66
161 56
162 63
163 34
164 101
165 117
166 40
167 57
168 101
169 69
170 55
171 61
172 63
173 66
174 88
175 80
176 73
177 84
178 62
179 70
180 64
181 69
182 12
183 99
184 56
185 61
186 85
187 58
188 74
189 59
190 75
191 85
192 80
193 69
194 68
195 66
196 76
197 82
198 89
199 78
200 81
201 67
202 55
203 69
204 70
205 64
206 55
207 56
208 48
209 80
210 55
211 72
212 59
213 63
214 71
215 90
216 83
217 57
218 64
219 78
220 86
221 85
222 91
223 57
224 92
225 93
226 91
227 99
228 96
229 102
230 106
231 94
232 116
233 100
234 125
235 136
236 132
237 130
238 151
239 154
240 157
241 141
242 152
243 161
244 174
245 159
246 172
247 188
248 181
249 171
250 171
251 171
252 165
253 149
254 149
255 149
256 133
257 103
258 117
259 106
260 94
261 84
262 86
263 70
264 107
265 70
266 74
267 65
268 62
269 63
270 91
271 75
272 78
273 94
274 91
275 109
276 108
277 113
278 132
279 142
280 152
281 170
282 169
283 197
284 184
285 200
286 185
287 204
288 191
289 198
290 197
291 201
292 198
293 205
294 197
295 202
296 191
297 196
298 192
299 198
300 185
301 197
302 181
303 174
304 181
305 170
306 165
307 167
308 153
309 147
310 140
311 131
312 140
313 123
314 131
315 118
316 127
317 132
318 116
319 120
320 102
321 113
322 101
323 102
324 91
325 77
326 85
327 65
328 97
329 82
330 96
331 65
332 74
333 59
334 58
335 67
336 101
337 129
338 130
339 122
340 166
341 151
342 201
343 211
344 217
345 210
346 166
347 184
348 197
349 192
350 182
351 121
352 119
353 133
354 102
355 105
356 73
357 74
358 80
359 98
360 69
361 56
362 62
363 71
364 87
365 70
366 90
367 54
368 69
369 57
370 66
371 59
372 82
373 88
374 68
375 64
376 86
377 93
378 110
379 119
380 127
381 133
382 139
383 149
384 132
385 153
386 137
387 126
388 137
389 116
390 110
391 95
392 76
393 94
394 75
395 71
396 65
397 75
398 56
399 66
400 71
401 38
402 73
403 61
404 55
405 51
406 45
407 69
408 55
409 26
410 80
411 64
412 44
413 47
414 70
415 47
416 63
417 0
418 58
419 46
420 34
421 53
422 45
423 58
424 51
425 44
426 55
427 50
428 66
429 57
430 71
431 97
432 77
433 107
434 163
435 177
436 145
437 179
438 147
439 241
440 226
441 217
442 175
443 230
444 143
445 204
446 206
447 175
448 141
449 199
450 116
451 157
452 148
453 129
454 106
455 108
456 101
457 157
458 168
459 231
460 251
461 228
462 213
463 241
464 231
465 126
466 118
467 147
468 169
469 159
470 182
471 251
472 239
473 236
474 206
475 260
476 237
477 187
478 211
479 128
480 162
481 143
482 144
483 114
484 148
485 83
486 91
487 85
488 103
489 119
490 111
491 123
492 132
493 144
494 158
495 159
496 188
497 189
498 216
499 220
500 238
501 234
502 259
503 289
504 285
505 315
506 305
507 306
508 320
509 347
510 335
511 359
512 346
513 344
514 351
515 370
516 363
517 387
518 371
519 364
520 369
521 390
522 376
523 389
524 372
525 388
526 378
527 384
528 369
529 360
530 370
531 391
532 358
533 371
534 349
535 361
536 341
537 340
538 329
539 317
540 317
541 289
542 296
543 299
544 280
545 253
546 262
547 271
548 244
549 251
550 225
551 229
552 209
553 217
554 188
555 198
556 178
557 200
558 162
559 177
560 153
561 166
562 139
563 134
564 139
565 183
566 155
567 160
568 178
569 203
570 205
571 212
572 236
573 263
574 260
575 272
576 283
577 319
578 312
579 313
580 335
581 370
582 351
583 369
584 370
585 402
586 370
587 399
588 405
589 414
590 416
591 423
592 420
593 418
594 435
595 424
596 437
597 430
598 446
599 430
600 451
601 454
602 432
603 426
604 446
605 435
606 438
607 416
608 422
609 433
610 417
611 379
612 388
613 388
614 356
615 366
616 346
617 306
618 314
619 276
620 281
621 268
622 254
623 252
624 216
625 241
626 206
627 224
628 223
629 200
630 235
631 210
632 248
633 273
634 253
635 297
636 280
637 294
638 312
639 316
640 351
641 382
642 376
643 375
644 400
645 402
646 406
647 433
648 439
649 420
650 432
651 460
652 448
653 442
654 447
655 446
656 468
657 487
658 472
659 494
660 485
661 471
662 480
663 501
664 488
665 516
666 497
667 509
668 505
669 502
670 509
671 514
672 529
673 529
674 542
675 532
676 548
677 547
678 559
679 558
680 546
681 551
682 566
683 569
684 556
685 569
686 550
687 543
688 528
689 520
690 528
691 533
692 512
693 509
694 497
695 471
696 471
697 489
698 462
699 466
700 470
701 485
702 477
703 501
704 479
705 483
706 505
707 510
708 497
709 521
710 504
711 511
712 503
713 507
714 515
715 520
716 540
717 558
718 586
719 601
720 605
721 636
722 631
723 623
724 647
725 637
726 652
727 651
728 650
729 643
730 652
731 642
732 648
733 650
734 634
735 636
736 639
737 625
738 635
739 637
740 629
741 618
742 626
743 611
744 610
745 600
746 615
747 604
748 606
749 599
750 584
751 588
752 571
753 568
754 565
755 537
756 545
757 528
758 537
759 532
760 540
761 532
762 549
763 531
764 546
765 534
766 532
767 548
768 549
769 558
770 559
771 562
772 570
773 602
774 609
775 613
776 628
777 648
778 649
779 651
780 674
781 683
782 678
783 695
784 696
785 691
786 696
787 700
788 708
789 696
790 701
791 713
792 709
793 702
794 715
795 713
796 710
797 703
798 716
799 715
800 712
801 708
802 709
803 711
804 713
805 716
806 711
807 704
808 710
809 716
810 715
811 709
812 711
813 721
814 716
815 719
816 710
817 715
818 712
819 726
820 722
821 715
822 717
823 721
824 725
825 710
826 714
827 712
828 727
829 727
830 712
831 726
832 720
833 722
834 717
835 711
836 718
837 724
838 716
839 718
840 714
841 714
842 707
843 704
844 716
845 720
846 712
847 721
848 716
849 704
850 707
851 714
852 713
853 703
854 706
855 720
856 716
857 705
858 719
859 723
860 712
861 720
862 713
863 715
864 712
865 719
866 709
867 703
868 714
869 703
870 712
871 713
872 702
873 711
874 713
875 721
876 717
877 711
878 728
879 690
880 726
881 714
882 710
883 720
884 718
885 697
886 699
887 705
888 708
889 683
890 697
891 704
892 696
893 698
894 711
895 698
896 711
897 694
898 687
899 685
900 692
901 692
902 694
903 682
904 679
905 681
906 695
907 673
908 661
909 687
910 662
911 664
912 660
913 650
914 625
915 637
916 621
917 601
918 585
919 593
920 597
921 591
922 567
923 574
924 568
925 579
926 547
927 537
928 525
929 554
930 555
931 547
932 572
933 566
934 565
935 587
936 594
937 588
938 615
939 597
940 627
941 627
942 620
943 640
944 622
945 641
946 638
947 654
948 661
949 650
950 657
951 653
952 658
953 656
954 661
955 647
956 650
957 656
958 662
959 657
960 635
961 628
962 620
963 612
964 619
965 641
966 624
967 624
968 639
969 637
970 614
971 619
972 589
973 583
974 590
975 586
976 570
977 587
978 591
979 583
980 553
981 574
982 548
983 545
984 563
985 563
986 542
987 555
988 542
989 497
990 509
991 484
992 512
993 465
994 458
995 466
996 432
997 410
998 440
999 423
1000 408
1001 385
1002 382
1003 361
1004 365
1005 356
1006 385
1007 417
1008 468
1009 474
1010 490
1011 517
1012 521
1013 528
1014 530
1015 539
1016 571
1017 540
1018 544
1019 549
1020 555
1021 544
1022 539
1023 539
1024 570
1025 545
1026 538
1027 529
1028 532
1029 537
1030 511
1031 527
1032 498
1033 501
1034 497
1035 486
1036 467
1037 472
1038 463
1039 454
1040 466
1041 453
1042 444
1043 447
1044 440
1045 445
1046 428
1047 415
1048 444
1049 420
1050 404
1051 396
1052 408
1053 382
1054 365
1055 349
1056 365
1057 330
1058 302
1059 281
1060 280
1061 299
1062 261
1063 293
1064 281
1065 276
1066 290
1067 286
1068 300
1069 301
1070 320
1071 291
1072 300
1073 319
1074 318
1075 325
1076 320
1077 344
1078 349
1079 346
1080 356
1081 356
1082 374
1083 368
1084 369
1085 367
1086 396
1087 376
1088 387
1089 390
1090 381
1091 385
1092 381
1093 388
1094 371
1095 353
1096 365
1097 371
1098 358
1099 358
1100 352
1101 361
1102 363
1103 343
1104 308
1105 287
1106 264
1107 243
1108 225
1109 231
1110 185
1111 204
1112 157
1113 158
1114 151
1115 148
1116 171
1117 151
1118 172
1119 164
1120 158
1121 152
1122 161
1123 159
1124 165
1125 157
1126 155
1127 136
1128 174
1129 163
1130 182
1131 171
1132 176
1133 183
1134 186
1135 196
1136 173
1137 167
1138 172
1139 177
1140 173
1141 203
1142 189
1143 196
1144 153
1145 158
1146 142
1147 141
1148 149
1149 137
1150 115
1151 145
1152 125
1153 133
1154 130
1155 120
1156 131
1157 135
1158 175
1159 150
1160 131
1161 118
1162 108
1163 110
1164 127
1165 98
1166 76
1167 73
1168 104
1169 96
1170 61
1171 77
1172 111
1173 89
1174 59
1175 84
1176 107
1177 55
1178 59
1179 67
1180 58
1181 68
1182 61
1183 60
1184 51
1185 41
1186 58
1187 43
1188 51
1189 42
1190 54
1191 36
1192 42
1193 33
1194 51
1195 32
1196 50
1197 55
1198 46
1199 52
1200 48
1201 52
1202 48
1203 36
1204 50
1205 64
1206 44
1207 36
1208 47
1209 42
1210 50
1211 47
1212 57
1213 70
1214 60
1215 58
1216 65
1217 59
1218 63
1219 77
1220 77
1221 62
1222 78
1223 74
1224 84
1225 97
1226 90
1227 77
1228 94
1229 89
1230 101
1231 97
1232 105
1233 108
1234 115
1235 128
1236 136
1237 125
1238 127
1239 120
1240 109
1241 118
1242 140
1243 131
1244 137
1245 91
1246 136
1247 135
1248 126
1249 116
1250 124
1251 148
1252 121
1253 157
1254 141
1255 128
1256 152
1257 138
1258 139
1259 144
1260 163
1261 148
1262 102
1263 128
1264 134
1265 147
1266 133
1267 150
1268 118
1269 129
1270 138
1271 126
1272 122
1273 120
1274 114
1275 115
1276 128
1277 126
1278 103
1279 115
1280 115
1281 116
1282 114
1283 124
1284 127
1285 127
1286 116
1287 106
1288 88
1289 99
1290 88
1291 96
1292 80
1293 90
1294 74
1295 85
1296 75
1297 82
1298 89
1299 83
1300 97
1301 78
1302 82
1303 84
1304 99
1305 89
1306 76
1307 90
1308 84
1309 87
1310 92
1311 90
1312 83
1313 94
1314 107
1315 97
1316 94
1317 104
1318 105
1319 102
1320 146
1321 126
1322 148
1323 119
1324 132
1325 149
1326 137
1327 131
1328 148
1329 178
1330 168
1331 157
1332 150
1333 163
1334 188
1335 174
1336 168
1337 198
1338 174
1339 160
1340 177
1341 187
1342 182
1343 203
1344 181
1345 183
1346 187
1347 175
1348 155
1349 163
1350 157
1351 168
1352 147
1353 160
1354 146
1355 155
1356 146
1357 141
1358 133
1359 125
1360 140
1361 143
1362 122
1363 131
1364 120
1365 128
1366 111
1367 125
1368 102
1369 121
1370 114
1371 98
1372 107
1373 108
1374 100
1375 92
1376 86
1377 80
1378 91
1379 72
1380 84
1381 99
1382 74
1383 63
1384 79
1385 89
1386 75
1387 72
1388 74
1389 98
1390 72
1391 80
1392 68
1393 57
1394 81
1395 75
1396 82
1397 83
1398 80
1399 102
1400 94
1401 75
1402 111
1403 114
1404 86
1405 113
1406 102
1407 122
1408 134
1409 123
1410 114
1411 125
1412 135
1413 112
1414 124
1415 140
1416 132
1417 131
1418 138
1419 139
1420 119
1421 115
1422 135
1423 138
1424 139
1425 139
1426 118
1427 144
1428 123
1429 135
1430 130
1431 122
1432 114
1433 126
1434 131
1435 143
1436 98
1437 95
1438 93
1439 93
1440 92
1441 89
1442 117
1443 118
1444 82
1445 93
1446 103
1447 91
1448 99
1449 81
1450 67
1451 80
1452 77
1453 68
1454 60
1455 65
1456 73
1457 70
1458 79
1459 61
1460 59
1461 63
1462 51
1463 61
1464 76
1465 59
1466 68
1467 61
1468 61
1469 58
1470 77
1471 55
1472 77
1473 55
1474 58
1475 58
1476 48
1477 65
1478 68
1479 60
1480 75
1481 62
1482 83
1483 69
1484 61
1485 70
1486 74
1487 60
1488 67
1489 64
1490 84
1491 71
1492 81
1493 75
1494 65
1495 68
1496 78
1497 70
1498 73
1499 77
1500 89
1501 72
1502 89
1503 75
1504 81
1505 74
1506 78
1507 70
1508 73
1509 76
1510 100
1511 80
1512 101
1513 92
1514 100
1515 89
1516 102
1517 78
1518 99
1519 83
1520 101
1521 100
1522 92
1523 86
1524 101
1525 86
1526 98
1527 87
1528 97
1529 112
1530 92
1531 100
1532 95
1533 103
1534 92
1535 118
1536 108
1537 121
1538 101
1539 103
1540 109
1541 87
1542 104
1543 104
1544 128
1545 94
1546 136
1547 110
1548 124
1549 108
1550 103
1551 118
1552 107
1553 125
1554 118
1555 126
1556 101
1557 107
1558 103
1559 92
1560 80
1561 95
1562 83
1563 87
1564 82
1565 89
1566 105
1567 90
1568 97
1569 92
1570 91
1571 89
1572 98
1573 91
1574 100
1575 87
1576 103
1577 82
1578 71
1579 74
1580 78
1581 92
1582 80
1583 70
1584 92
1585 77
1586 78
1587 73
1588 67
1589 71
1590 102
1591 108
1592 107
1593 85
1594 77
1595 90
1596 80
1597 65
1598 71
1599 59
1600 78
1601 62
1602 71
1603 63
1604 65
1605 51
1606 65
1607 68
1608 64
1609 72
1610 61
1611 47
1612 58
1613 58
1614 67
1615 48
1616 56
1617 76
1618 66
1619 57
1620 62
1621 61
1622 57
1623 59
1624 61
1625 70
1626 60
1627 69
1628 55
1629 59
1630 57
1631 37
1632 57
1633 37
1634 48
1635 64
1636 50
1637 61
1638 45
1639 61
1640 44
1641 36
1642 52
1642 52
