0 278
1 276
2 279
3 278
4 274
5 279
6 278
7 279
8 276
9 276
10 275
11 276
12 276
13 277
14 275
15 278
16 275
17 278
18 275
19 279
20 277
21 278
22 275
23 279
24 275
25 278
26 278
27 274
28 278
29 276
30 275
31 278
32 274
33 276
34 272
35 266
36 266
37 256
38 253
39 249
40 237
41 235
42 227
43 219
44 216
45 206
46 201
47 196
48 188
49 187
50 179
51 175
52 174
53 169
54 168
55 163
56 162
57 162
58 154
59 152
60 151
61 141
62 138
63 131
64 122
65 114
66 111
67 106
68 108
69 116
70 119
71 135
72 148
73 160
74 180
75 192
76 212
77 226
78 235
79 251
80 261
81 268
82 279
83 284
84 291
85 298
86 300
87 308
88 309
89 311
90 316
91 317
92 319
93 321
94 325
95 327
96 328
97 332
98 333
99 331
100 338
101 335
102 336
103 337
104 339
105 340
106 340
107 338
108 340
109 341
110 339
111 338
112 335
113 336
114 332
115 331
116 328
117 323
118 316
119 313
120 305
121 295
122 284
123 273
124 262
125 253
126 240
127 233
128 222
129 207
130 199
131 189
132 173
133 167
134 157
135 155
136 151
137 144
138 146
139 146
140 145
141 150
142 154
143 159
144 167
145 173
146 183
147 187
148 200
149 206
150 217
151 227
152 236
153 246
154 251
155 265
156 271
157 278
158 290
159 299
160 303
161 314
162 318
163 328
164 332
165 337
166 344
167 351
168 356
169 361
170 370
171 376
172 378
173 388
174 390
175 400
176 404
177 406
178 413
179 416
180 416
181 420
182 418
183 423
184 423
185 425
186 427
187 430
188 429
189 433
190 434
191 436
192 437
193 434
194 438
195 439
196 441
197 442
198 439
199 440
200 439
201 436
202 438
203 436
204 437
205 436
206 430
207 427
208 423
209 416
210 414
211 406
212 403
213 400
214 389
215 382
216 373
217 358
218 349
219 335
220 319
221 310
222 291
223 277
224 259
225 242
226 230
227 223
228 218
229 220
230 228
231 246
232 258
233 277
234 296
235 312
236 333
237 350
238 370
239 390
240 407
241 420
242 433
243 447
244 456
245 465
246 477
247 486
248 494
249 500
250 509
251 511
252 519
253 523
254 523
255 527
256 531
257 528
258 531
259 526
260 525
261 527
262 522
263 522
264 521
265 513
266 510
267 502
268 493
269 489
270 478
271 472
272 466
273 454
274 442
275 429
276 418
277 400
278 389
279 369
280 353
281 343
282 332
283 329
284 333
285 339
286 352
287 363
288 382
289 404
290 421
291 441
292 459
293 473
294 491
295 505
296 518
297 532
298 542
299 552
300 561
301 568
302 574
303 580
304 587
305 592
306 600
307 602
308 609
309 611
310 615
311 617
312 617
313 621
314 621
315 624
316 625
317 624
318 628
319 627
320 628
321 630
322 628
323 626
324 627
325 622
326 620
327 618
328 615
329 614
330 611
331 605
332 604
333 600
334 594
335 591
336 584
337 576
338 570
339 563
340 552
341 544
342 537
343 530
344 524
345 521
346 519
347 521
348 525
349 530
350 540
351 547
352 559
353 566
354 577
355 585
356 594
357 601
358 610
359 620
360 626
361 637
362 640
363 648
364 656
365 659
366 665
367 669
368 672
369 674
370 677
371 679
372 681
373 682
374 684
375 688
376 689
377 690
378 692
379 693
380 694
381 696
382 697
383 699
384 700
385 699
386 700
387 702
388 702
389 701
390 704
391 704
392 705
393 706
394 706
395 705
396 708
397 708
398 708
399 708
400 708
401 709
402 710
403 709
404 710
405 712
406 709
407 712
408 712
409 711
410 713
411 713
412 711
413 713
414 711
415 714
416 713
417 712
418 712
419 713
420 714
421 713
422 714
423 714
424 714
425 715
426 716
427 714
428 713
429 715
430 714
431 715
432 716
433 714
434 714
435 715
436 714
437 714
438 716
439 716
440 715
441 715
442 714
443 715
444 716
445 715
446 714
447 714
448 715
449 714
450 713
451 714
452 713
453 714
454 715
455 714
456 713
457 714
458 713
459 712
460 713
461 714
462 712
463 714
464 714
465 712
466 712
467 712
468 712
469 713
470 712
471 712
472 712
473 710
474 711
475 711
476 712
477 710
478 710
479 710
480 709
481 710
482 710
483 709
484 710
485 709
486 710
487 710
488 708
489 708
490 706
491 707
492 707
493 705
494 704
495 704
496 701
497 701
498 700
499 698
500 695
501 698
502 695
503 695
504 693
505 691
506 690
507 689
508 687
509 684
510 683
511 679
512 677
513 676
514 672
515 669
516 667
517 659
518 656
519 652
520 645
521 638
522 629
523 619
524 610
525 601
526 590
527 579
528 571
529 561
530 552
531 549
532 546
533 544
534 546
535 550
536 554
537 558
538 567
539 570
540 575
541 582
542 587
543 593
544 596
545 605
546 608
547 614
548 617
549 621
550 624
551 629
552 631
553 632
554 636
555 637
556 637
557 638
558 638
559 638
560 638
561 636
562 637
563 635
564 635
565 632
566 630
567 629
568 626
569 622
570 619
571 614
572 608
573 604
574 596
575 590
576 583
577 574
578 564
579 557
580 546
581 536
582 521
583 508
584 496
585 481
586 471
587 458
588 445
589 435
590 423
591 416
592 405
593 402
594 393
595 389
596 385
597 377
598 375
599 372
600 373
601 374
602 377
603 381
604 382
605 388
606 391
607 397
608 405
609 410
610 415
611 422
612 430
613 434
614 440
615 449
616 456
617 462
618 470
619 479
620 483
621 490
622 497
623 503
624 510
625 517
626 520
627 527
628 532
629 536
630 540
631 543
632 547
633 548
634 551
635 555
636 557
637 559
638 558
639 559
640 560
641 558
642 560
643 559
644 558
645 558
646 558
647 555
648 553
649 552
650 550
651 546
652 544
653 541
654 537
655 535
656 531
657 523
658 517
659 513
660 509
661 504
662 501
663 498
664 492
665 485
666 478
667 470
668 462
669 457
670 453
671 448
672 445
673 441
674 437
675 429
676 423
677 415
678 405
679 399
680 395
681 389
682 384
683 380
684 375
685 367
686 364
687 356
688 351
689 345
690 338
691 330
692 323
693 319
694 307
695 302
696 293
697 285
698 276
699 271
700 269
701 262
702 261
703 264
704 264
705 269
706 273
707 282
708 287
709 300
710 310
711 319
712 330
713 344
714 355
715 363
716 376
717 386
718 397
719 408
720 422
721 430
722 438
723 448
724 452
725 458
726 464
727 469
728 475
729 478
730 479
731 484
732 486
733 484
734 487
735 488
736 491
737 489
738 492
739 492
740 492
741 490
742 492
743 491
744 491
745 491
746 490
747 490
748 486
749 488
750 486
751 483
752 481
753 482
754 480
755 477
756 476
757 473
758 469
759 466
760 460
761 455
762 447
763 443
764 437
765 432
766 427
767 424
768 419
769 412
770 402
771 397
772 387
773 378
774 373
775 365
776 358
777 346
778 339
779 325
780 314
781 298
782 289
783 274
784 266
785 251
786 243
787 231
788 219
789 211
790 208
791 201
792 200
793 201
794 203
795 206
796 206
797 214
798 221
799 226
800 237
801 250
802 261
803 268
804 281
805 291
806 303
807 312
808 321
809 330
810 339
811 348
812 359
813 368
814 375
815 381
816 387
817 395
818 403
819 406
820 409
821 412
822 418
823 419
824 419
825 419
826 420
827 415
828 412
829 409
830 405
831 400
832 391
833 386
834 375
835 367
836 359
837 350
838 338
839 330
840 319
841 307
842 295
843 283
844 273
845 257
846 245
847 236
848 223
849 207
850 195
851 185
852 176
853 165
854 159
855 160
856 160
857 159
858 162
859 170
860 174
861 183
862 194
863 203
864 214
865 226
866 242
867 252
868 261
869 272
870 286
871 295
872 303
873 313
874 323
875 328
876 335
877 342
878 345
879 350
880 351
881 354
882 353
883 353
884 351
885 353
886 349
887 346
888 344
889 343
890 337
891 330
892 324
893 320
894 315
895 309
896 303
897 300
898 296
899 287
900 285
901 280
902 274
903 266
904 256
905 249
906 240
907 226
908 220
909 207
910 197
911 187
912 177
913 168
914 160
915 154
916 148
917 140
918 137
919 130
920 130
921 129
922 124
923 123
924 122
925 124
926 126
927 124
928 127
929 126
930 133
931 135
932 137
933 139
934 147
935 153
936 160
937 163
938 171
939 179
940 190
941 196
942 205
942 205
